alpha = 0.001

1) deep
21 , 24 , 174 , 175 , 176 , 177 , 213 , 245 , 246 , 247 , 250 ,
254 , 267 , 273 , 278 , 279 , 280 , 281 , 325 , 345 , 346 , 347 ,
348 , 352 , 358 , 360 , 362 , 374 , 376 , 380 , 396 , 397 , 398 ,
401 , 405 , 415 , 421 , 432

2) weak heuristic
1 , 35 , 93 , 101 , 172 , 174 , 213 , 257 , 299 , 306 , 361 , 391 , 413 , 429 , 435

3) principle component analysis
45 , 53 , 102 , 112 , 134 , 310 , 311 , 315 , 357 , 364 , 426 , 434 , 445

4) human interaction
7 , 10 , 21 , 22 , 23 , 26 , 30 , 83 , 98 , 101 , 127 , 145 ,
162 , 164 , 171 , 174 , 186 , 187 , 191 , 194 , 203 , 230 , 247 ,
249 , 250 , 255 , 256 , 265 , 273 , 289 , 345 , 369 , 383 , 391 ,
395 , 403 , 426 , 428 , 436 , 444

5) supervised kernel k-means cluster
31 , 53 , 122 , 123 , 124 , 125 , 158 , 167 , 173 , 177 , 241 , 242 , 243 , 244 ,
245 , 264 , 275 , 280 , 281 , 291 , 334 , 368 , 383 , 427 , 430 , 447

6) patients depression anxiety
37 , 40 , 62 , 72 , 80 , 168 , 225 , 259 , 263 , 328 , 332 , 333 , 355 , 368 , 391 ,
400 , 433 , 447 , 448

7) local global clusters
19 , 21 , 23 , 26 , 30 , 38 , 54 , 76 , 113 , 125 , 126 , 134 , 136 , 156 , 158 , 168 ,
179 , 196 , 211 , 215 , 242 , 257 , 266 , 271 , 295 , 331 , 335 , 336 , 342 , 361 , 377 ,
394 , 407 , 423

8) synergy analysis
38 , 102 , 112 , 134 , 315 , 357 , 434

9) github mashup apis
178 , 362

10) Bayesian nonparametric
16 , 35 , 39 , 62 , 65 , 93 , 117 , 118 , 119 , 155 , 196 , 243 , 244 , 255 , 271 , 290 ,
324 , 332 , 370 , 440 , 442 , 448

11) diabetes and obesity
72 , 148 , 391

12) bootstrap
181 , 193 , 379

13) ensemble
1 , 2 , 3 , 5 , 32 , 52 , 89 , 105 , 120 , 171 , 198 , 229 , 256 , 262 , 268 , 284 , 310 , 311 ,
327 , 352 , 378 , 386 , 425

14) markov
11 , 16 , 22 , 69 , 110 , 129 , 149 , 197 , 230 , 251 , 257 , 260 , 289 , 305 , 312 , 323 , 335 ,
381 , 439 , 445

15) prioritize and critical correlate
37 , 44 , 52 , 101 , 104 , 112 , 118 , 138 , 140 , 166 , 195 , 208 , 218 , 227 , 230 , 239 , 250 ,
257 , 281 , 283 , 298 , 318 , 322 , 354 , 370 , 422 , 426 , 436